13
7 809
10 222
12 362057
1 015
18 39827641246735720053
15 87295948944749
10 217712
149 1899781752079016496011320469666669318305458292193679157749209714122119761534267831074332527438786851
1000 2222222222222222222222222222222222222222222222222222222222222222222222222222222222222222222222222222
1000 5737338578632706747864461159172773819621820031790605850296262525121752964548553894410293744342163457
1000 5939356292089078673639935472730802830472400237675450049673280349870999780469889977995055398052269488
1000 3332021112701037002113231772233010312732771271137111012020210000231770123172037710132030073121270377
1000 8888288882822228222282228828222222882282282882882282282288288822822288282822882282888228228282288222
